0000. 8000.0 4300.0 2300.0 0 0 0 0 0
8000. 8000.0 4300.0 2300.0 0 0 0 0 0
240000. 8000.0 4300.0 2300.0 0 0 0 0 0
240000. 5100.0 4100.0 0000.0 0 0 0 0 0
300000. 5100.0 4100.0 0000.0 0 0 0 0 0
330000. 5100.0 4100.0 0000.0 0 0 0 0 0
330000. 3400.0 7500.0 3200.0 0 0 0 0 0
480000. 3400.0 7500.0 3200.0 0 0 0 0 0
480000. 3400.0 8500.0 4500.0 0 0 0 0 0
999000. 3400.0 8500.0 4500.0 0 0 0 0 0
999000. 3400.0 7600.0 4400.0 0 0 0 0 0
1249000. 3400.0 7600.0 4400.0 0 0 0 0 0
1249000. 3400.0 7800.0 4400.0 0 0 0 0 0
1499000. 3400.0 7800.0 4400.0 0 0 0 0 0
1499000. 3300.0 7700.0 4400.0 0 0 0 0 0
1697000. 3300.0 7700.0 4400.0 0 0 0 0 0
1697000. 2800.0 5500.0 3200.0 0 0 0 0 0
1722000. 2800.0 5500.0 3200.0 0 0 0 0 0
1722000. 2700.0 3200.0 1800.0 0 0 0 0 0
1737151. 2700.0 3200.0 1800.0 0 0 0 0 0
